4.161408025075056116e+01
3.989485469103453141e+01
3.966453571773872255e+01
3.923143821198279824e+01
3.861456535059999595e+01
3.788273994345449580e+01
3.704185471329619617e+01
3.604028560205833287e+01
3.492827336202513777e+01
3.366549214492944486e+01
3.226705642955140974e+01
3.079957330502355006e+01
2.923940435627199363e+01
2.728985524101270954e+01
2.370121617186675422e+01
2.163502485422404931e+01
2.201118176728434150e+01
2.183433796814485461e+01
2.161999871287530794e+01
2.150647142778458232e+01
2.138457567870637988e+01
2.136783432036670050e+01
2.131438381562570328e+01
2.125760464578432618e+01
2.128347237644948109e+01
2.123459539606695756e+01
