4.194770514541126971e+01
3.894675870436862652e+01
3.337713324192747422e+01
2.872725973088575202e+01
2.577926824442183928e+01
2.381035112758110017e+01
2.262019123495218764e+01
2.185070677061338529e+01
2.126001406869033517e+01
2.074422372218385746e+01
2.034700840397885102e+01
2.003214327810838213e+01
1.982078437072623700e+01
1.952154252064516271e+01
1.935660075734384122e+01
1.920055740893650054e+01
1.901100137664447587e+01
1.429260036107656084e+01
1.175530036245267418e+01
1.072614542824106287e+01
1.004898334227788581e+01
9.656558518389379842e+00
9.306924236278614870e+00
9.109891162657975272e+00
8.915348743137560206e+00
8.775099386361720377e+00
8.636706968459431977e+00
8.502854491704558981e+00
8.378134108539326164e+00
8.240948983988754861e+00
8.128205199668959935e+00
7.941378376392347782e+00
6.123078211272932947e+00
5.282896988083254364e+00
4.828146092922215971e+00
4.518106160597984200e+00
4.273343602929312368e+00
4.011729179201899420e+00
3.809371246891374518e+00
3.610392503514567863e+00
3.462926842579631348e+00
3.315520896765788983e+00
3.190905401750784520e+00
3.033980602560138351e+00
2.910912511274112546e+00
2.800717446068103023e+00
2.727486508923608000e+00
2.488729795131032319e+00
2.369613894103770768e+00
2.354701094361152158e+00
2.301016373069662890e+00
2.258221880046605623e+00
2.265402515022717278e+00
2.215278830416341549e+00
2.178242732501809886e+00
2.144326153384842115e+00
2.103141485288166912e+00
2.119419861484218348e+00
2.097318676211586297e+00
2.082550016312646690e+00
2.066619172543923355e+00
2.016671336095668732e+00
