0.000000000000000000e+00
0.000000000000000000e+00
2.417096372688477823e-02
2.194834637268847921e-01
6.929009601706970223e-01
1.278560633001422531e+00
1.814767069701280322e+00
2.138435721906116527e+00
2.513224573257467842e+00
2.924408783783783772e+00
3.230852151493599056e+00
3.479785295163584813e+00
3.677876066856330173e+00
3.986819879089615881e+00
4.048219683499288735e+00
4.341605174253200694e+00
4.445512535561877421e+00
1.495488086770981440e+01
2.199252089260312815e+01
2.524004267425319981e+01
2.701285784139402679e+01
2.809416118421052744e+01
2.897654027382645836e+01
2.984752844950213202e+01
3.052320412517780923e+01
3.096050408961593092e+01
3.159117176386913073e+01
3.216294007823613299e+01
3.275971283783783861e+01
3.340510535206259135e+01
3.402271514935988961e+01
3.479090727240398451e+01
4.992165273826458360e+01
5.612886735419630213e+01
5.930443189900426404e+01
6.130812144381223305e+01
6.262974528805121111e+01
6.401304676386912718e+01
6.513546852773826856e+01
6.596422697368420529e+01
6.676742532005690123e+01
6.744004489687056036e+01
6.816239553698434861e+01
6.891169541251778696e+01
6.960820812588904971e+01
7.011718750000000000e+01
7.054393003200569012e+01
7.297686255334281213e+01
7.415568323257467398e+01
7.434543918918919303e+01
7.491998577524893221e+01
7.523670874822190058e+01
7.531338904694167979e+01
7.560177364864864558e+01
7.580875488975817689e+01
7.603962926742532602e+01
7.614853751778093738e+01
7.624049831081080697e+01
7.634107174608818980e+01
7.658083659317212266e+01
7.657861397581793028e+01
7.673530849928876307e+01
