0.000000000000000000e+00
0.000000000000000000e+00
7.417985419630156174e-02
6.267780938833570348e-01
1.823657539118065385e+00
3.179176298008534740e+00
4.306876778093883473e+00
5.086737642247510571e+00
5.853262802275960297e+00
6.535328502844950371e+00
7.122932965860597321e+00
7.626355796586059554e+00
8.016980796586059554e+00
8.516514046941678018e+00
8.819623488620198515e+00
9.219694612375533893e+00
9.509190522759601194e+00
2.407539118065433925e+01
3.352207059032716785e+01
3.823874244310099613e+01
4.086365353840682957e+01
4.267508668207681666e+01
4.401838104551920594e+01
4.515775026671408199e+01
4.582425764580369787e+01
4.655244265647225888e+01
4.730202035917496772e+01
4.796019292318634086e+01
4.862920074679943383e+01
4.929515247155049451e+01
4.994971328236130859e+01
5.087098817567567721e+01
6.296202658250355455e+01
6.803904027382645836e+01
7.055615442745377663e+01
7.246538273470839897e+01
7.380839927098151065e+01
7.522309521692744738e+01
7.634357219061166688e+01
7.717955414295875016e+01
7.800970172475106779e+01
7.882818056543385410e+01
7.943078769559032537e+01
8.032483552631579471e+01
8.086187544452347709e+01
8.141808543741109361e+01
8.181482263513512976e+01
8.307171274893313750e+01
8.379600817923186185e+01
8.389963771337126275e+01
8.418802231507824274e+01
8.438333481507824274e+01
8.441222884068278631e+01
8.462865620554765655e+01
8.483147003911805939e+01
8.495343616642958295e+01
8.512846728307255262e+01
8.514458125889046869e+01
8.519847972972972627e+01
8.536017514224751324e+01
8.545546986130867140e+01
8.556021070412518270e+01
