4.216204504930335872e+01
4.080348094911065715e+01
2.705144435940808023e+01
2.057891756887654466e+01
1.987267109819951116e+01
1.977002302562917535e+01
1.976111794974057645e+01
1.978044524447608410e+01
1.977962463320666586e+01
1.985389461954131463e+01
1.999518023192427663e+01
2.004642538987953415e+01
2.025018147475846675e+01
1.994110445211861915e+01
1.993169928689039239e+01
1.992289088882562709e+01
1.991798738668893165e+01
1.990946012598867654e+01
1.992349285387810909e+01
1.989813765314699268e+01
1.992626998260730886e+01
1.991039136347879790e+01
1.990205396404703109e+01
1.991408436898966627e+01
1.994135259671975646e+01
1.989575643757827450e+01
1.990075278828162197e+01
1.988979246416164770e+01
1.989957366826880047e+01
1.986499511194593026e+01
1.973871446565817322e+01
1.961083586889368746e+01
1.953098688780806569e+01
1.948547335617415044e+01
1.941858795398974280e+01
1.939164388816775286e+01
1.937111221196997235e+01
1.937987046569358185e+01
1.932888342588002573e+01
1.928404665357284031e+01
1.927468427992959121e+01
1.924461239530840118e+01
1.916083121845740322e+01
1.920720496432471691e+01
1.918353733033624309e+01
1.915218838116594924e+01
1.912317977788794110e+01
1.909870128777190956e+01
1.906510015298391991e+01
1.905483154122156009e+01
1.907803873251412696e+01
1.910193379234721789e+01
1.905552417085370820e+01
1.899209677718067724e+01
1.902774009995788163e+01
1.897924420305790960e+01
1.889147787603713269e+01
1.892420481907502250e+01
1.893864603988997075e+01
1.891449861308090519e+01
1.886248070229100904e+01
1.879641815360265866e+01
1.882988003738053706e+01
1.879117831747040412e+01
1.867949810464873650e+01
1.874995148636912745e+01
1.876140137301146638e+01
1.864031918358256945e+01
1.870123538534149787e+01
1.864641288582605227e+01
1.863151442549610692e+01
1.856121124384057453e+01
1.858731197036859584e+01
1.862851541824923274e+01
1.860460293020000933e+01
1.862572486528003424e+01
1.857031164096511944e+01
1.847144760248315265e+01
1.854065950408236674e+01
1.851552246909105293e+01
1.851815360557031909e+01
1.845563041162854745e+01
1.844902125933698045e+01
1.849258338404065682e+01
1.847697620537444863e+01
1.849757099879607125e+01
1.850038822552630080e+01
1.849427757554381913e+01
1.841184703448346482e+01
1.845991208899112124e+01
1.847815340347872493e+01
1.840831964798556086e+01
1.843310839529256029e+01
1.849227271917212079e+01
1.852718021305462770e+01
1.835929505151646879e+01
1.850871640853299382e+01
1.848217431279539014e+01
1.843734895546017682e+01
1.844934884282468701e+01
