1.863157894736842124e+01
1.863157894736842124e+01
1.863157894736842124e+01
1.863157894736842124e+01
1.863157894736842124e+01
1.863157894736842124e+01
1.863157894736842124e+01
1.863157894736842124e+01
1.863157894736842124e+01
1.863157894736842124e+01
1.863157894736842124e+01
1.863157894736842124e+01
1.863157894736842124e+01
1.863157894736842124e+01
1.863157894736842124e+01
1.863157894736842124e+01
1.863157894736842124e+01
1.863157894736842124e+01
1.863157894736842124e+01
1.685714285714285765e+01
1.685714285714285765e+01
1.685714285714285765e+01
1.685714285714285765e+01
1.685714285714285765e+01
1.685714285714285765e+01
1.685714285714285765e+01
1.685714285714285765e+01
1.685714285714285765e+01
1.685714285714285765e+01
1.685714285714285765e+01
1.685714285714285765e+01
1.685714285714285765e+01
1.685714285714285765e+01
1.685714285714285765e+01
1.685714285714285765e+01
1.685714285714285765e+01
1.685714285714285765e+01
1.685714285714285765e+01
1.685714285714285765e+01
1.685714285714285765e+01
1.685714285714285765e+01
1.685714285714285765e+01
1.685714285714285765e+01
1.685714285714285765e+01
1.685714285714285765e+01
1.685714285714285765e+01
1.685714285714285765e+01
1.685714285714285765e+01
1.685714285714285765e+01
1.685714285714285765e+01
1.685714285714285765e+01
1.685714285714285765e+01
1.685714285714285765e+01
1.685714285714285765e+01
1.685714285714285765e+01
1.685714285714285765e+01
1.685714285714285765e+01
1.685714285714285765e+01
1.685714285714285765e+01
1.685714285714285765e+01
1.685714285714285765e+01
1.769999999999999929e+01
1.769999999999999929e+01
1.769999999999999929e+01
1.769999999999999929e+01
1.769999999999999929e+01
1.769999999999999929e+01
1.769999999999999929e+01
1.769999999999999929e+01
1.769999999999999929e+01
1.769999999999999929e+01
1.769999999999999929e+01
1.769999999999999929e+01
1.769999999999999929e+01
1.769999999999999929e+01
1.769999999999999929e+01
1.769999999999999929e+01
1.769999999999999929e+01
1.769999999999999929e+01
1.769999999999999929e+01
1.769999999999999929e+01
1.863157894736842124e+01
1.863157894736842124e+01
1.863157894736842124e+01
1.863157894736842124e+01
1.863157894736842124e+01
1.863157894736842124e+01
1.863157894736842124e+01
1.863157894736842124e+01
1.863157894736842124e+01
1.863157894736842124e+01
1.863157894736842124e+01
1.863157894736842124e+01
1.863157894736842124e+01
1.863157894736842124e+01
1.863157894736842124e+01
1.863157894736842124e+01
1.863157894736842124e+01
1.863157894736842124e+01
1.863157894736842124e+01
1.863157894736842124e+01
1.863157894736842124e+01
1.863157894736842124e+01
1.863157894736842124e+01
1.863157894736842124e+01
1.863157894736842124e+01
1.863157894736842124e+01
1.863157894736842124e+01
1.863157894736842124e+01
1.863157894736842124e+01
1.863157894736842124e+01
1.863157894736842124e+01
1.863157894736842124e+01
1.863157894736842124e+01
1.863157894736842124e+01
1.863157894736842124e+01
1.863157894736842124e+01
1.863157894736842124e+01
1.863157894736842124e+01
1.966666666666666785e+01
1.966666666666666785e+01
1.966666666666666785e+01
1.966666666666666785e+01
1.966666666666666785e+01
1.966666666666666785e+01
1.966666666666666785e+01
1.966666666666666785e+01
1.966666666666666785e+01
1.966666666666666785e+01
1.966666666666666785e+01
1.966666666666666785e+01
1.966666666666666785e+01
1.966666666666666785e+01
1.966666666666666785e+01
1.966666666666666785e+01
1.966666666666666785e+01
1.966666666666666785e+01
1.769999999999999929e+01
1.769999999999999929e+01
1.769999999999999929e+01
1.769999999999999929e+01
1.769999999999999929e+01
1.769999999999999929e+01
1.769999999999999929e+01
1.769999999999999929e+01
1.769999999999999929e+01
1.769999999999999929e+01
1.769999999999999929e+01
1.769999999999999929e+01
1.769999999999999929e+01
1.769999999999999929e+01
1.769999999999999929e+01
1.769999999999999929e+01
1.769999999999999929e+01
1.769999999999999929e+01
1.769999999999999929e+01
1.769999999999999929e+01
1.769999999999999929e+01
1.769999999999999929e+01
1.769999999999999929e+01
1.769999999999999929e+01
1.769999999999999929e+01
1.769999999999999929e+01
1.769999999999999929e+01
1.769999999999999929e+01
1.769999999999999929e+01
1.769999999999999929e+01
1.769999999999999929e+01
1.769999999999999929e+01
1.769999999999999929e+01
1.769999999999999929e+01
1.769999999999999929e+01
1.769999999999999929e+01
1.769999999999999929e+01
1.769999999999999929e+01
1.769999999999999929e+01
1.769999999999999929e+01
1.685714285714285765e+01
1.685714285714285765e+01
1.685714285714285765e+01
1.685714285714285765e+01
1.685714285714285765e+01
1.685714285714285765e+01
1.685714285714285765e+01
1.685714285714285765e+01
1.685714285714285765e+01
1.685714285714285765e+01
1.685714285714285765e+01
1.685714285714285765e+01
1.685714285714285765e+01
1.685714285714285765e+01
1.685714285714285765e+01
1.685714285714285765e+01
1.685714285714285765e+01
1.685714285714285765e+01
1.685714285714285765e+01
1.685714285714285765e+01
1.685714285714285765e+01
1.769999999999999929e+01
1.769999999999999929e+01
1.769999999999999929e+01
1.769999999999999929e+01
1.769999999999999929e+01
1.769999999999999929e+01
1.769999999999999929e+01
1.769999999999999929e+01
1.769999999999999929e+01
1.769999999999999929e+01
1.769999999999999929e+01
1.769999999999999929e+01
1.769999999999999929e+01
1.769999999999999929e+01
1.769999999999999929e+01
1.769999999999999929e+01
1.769999999999999929e+01
1.769999999999999929e+01
1.769999999999999929e+01
1.769999999999999929e+01
2.950000000000000000e+01
2.950000000000000000e+01
2.950000000000000000e+01
2.950000000000000000e+01
2.950000000000000000e+01
2.950000000000000000e+01
2.950000000000000000e+01
2.950000000000000000e+01
2.950000000000000000e+01
2.950000000000000000e+01
2.950000000000000000e+01
2.950000000000000000e+01
2.082352941176470651e+01
2.082352941176470651e+01
2.082352941176470651e+01
2.082352941176470651e+01
2.082352941176470651e+01
2.082352941176470651e+01
2.082352941176470651e+01
2.082352941176470651e+01
2.082352941176470651e+01
2.082352941176470651e+01
2.082352941176470651e+01
2.082352941176470651e+01
2.082352941176470651e+01
2.082352941176470651e+01
2.082352941176470651e+01
2.082352941176470651e+01
2.082352941176470651e+01
1.769999999999999929e+01
1.769999999999999929e+01
1.769999999999999929e+01
1.769999999999999929e+01
1.769999999999999929e+01
1.769999999999999929e+01
1.769999999999999929e+01
1.769999999999999929e+01
1.769999999999999929e+01
1.769999999999999929e+01
1.769999999999999929e+01
1.769999999999999929e+01
1.769999999999999929e+01
1.769999999999999929e+01
1.769999999999999929e+01
1.769999999999999929e+01
1.769999999999999929e+01
1.769999999999999929e+01
1.769999999999999929e+01
1.769999999999999929e+01
2.723076923076922995e+01
2.723076923076922995e+01
2.723076923076922995e+01
2.723076923076922995e+01
2.723076923076922995e+01
2.723076923076922995e+01
2.723076923076922995e+01
2.723076923076922995e+01
2.723076923076922995e+01
2.723076923076922995e+01
2.723076923076922995e+01
2.723076923076922995e+01
2.723076923076922995e+01
1.769999999999999929e+01
1.769999999999999929e+01
1.769999999999999929e+01
1.769999999999999929e+01
1.769999999999999929e+01
1.769999999999999929e+01
1.769999999999999929e+01
1.769999999999999929e+01
1.769999999999999929e+01
1.769999999999999929e+01
1.769999999999999929e+01
1.769999999999999929e+01
1.769999999999999929e+01
1.769999999999999929e+01
1.769999999999999929e+01
1.769999999999999929e+01
1.769999999999999929e+01
1.769999999999999929e+01
1.769999999999999929e+01
1.769999999999999929e+01
2.212500000000000000e+01
2.212500000000000000e+01
2.212500000000000000e+01
2.212500000000000000e+01
2.212500000000000000e+01
2.212500000000000000e+01
2.212500000000000000e+01
2.212500000000000000e+01
2.212500000000000000e+01
2.212500000000000000e+01
2.212500000000000000e+01
2.212500000000000000e+01
2.212500000000000000e+01
2.212500000000000000e+01
2.212500000000000000e+01
2.212500000000000000e+01
1.966666666666666785e+01
1.966666666666666785e+01
1.966666666666666785e+01
1.966666666666666785e+01
1.966666666666666785e+01
1.966666666666666785e+01
1.966666666666666785e+01
1.966666666666666785e+01
1.966666666666666785e+01
1.966666666666666785e+01
1.966666666666666785e+01
1.966666666666666785e+01
1.966666666666666785e+01
1.966666666666666785e+01
1.966666666666666785e+01
1.966666666666666785e+01
1.966666666666666785e+01
1.966666666666666785e+01
1.769999999999999929e+01
1.769999999999999929e+01
1.769999999999999929e+01
1.769999999999999929e+01
1.769999999999999929e+01
1.769999999999999929e+01
1.769999999999999929e+01
1.769999999999999929e+01
1.769999999999999929e+01
1.769999999999999929e+01
1.769999999999999929e+01
1.769999999999999929e+01
1.769999999999999929e+01
1.769999999999999929e+01
1.769999999999999929e+01
1.769999999999999929e+01
1.769999999999999929e+01
1.769999999999999929e+01
1.769999999999999929e+01
1.769999999999999929e+01
