4.009087493622014620e+01
2.375206552026243756e+01
2.214402884536408678e+01
2.193718775770113538e+01
2.192613911856554409e+01
2.167625452012677911e+01
2.181711359758468305e+01
2.155041464880117275e+01
2.145926906742226592e+01
2.138474697930012880e+01
2.155715653332114812e+01
2.135692718231389975e+01
2.133269267540557124e+01
2.109725764308369733e+01
2.101900424281823021e+01
2.095850409839580664e+01
2.088189908371271741e+01
2.084885018913178811e+01
2.076882951724656579e+01
2.072969916216639774e+01
2.070409812734259702e+01
2.066792033829670316e+01
2.064997866021039030e+01
2.063685081164578250e+01
2.062043434344629844e+01
2.059011729531505352e+01
2.059437252578606703e+01
2.057194519364612617e+01
2.055346821425267834e+01
2.054505280874765916e+01
2.054122308534876140e+01
2.052413600988104037e+01
2.058023013929224376e+01
2.049351321987518659e+01
2.049871830674890205e+01
1.883543871707498241e+01
1.846860543069308846e+01
1.842159623333146712e+01
1.840892276367221925e+01
1.839205946983950568e+01
1.840110039563578326e+01
1.840472107941411295e+01
1.841073955023402675e+01
1.840518655396365588e+01
1.840389363962723479e+01
1.840268106873347520e+01
1.838458577456804122e+01
1.837392166720943010e+01
1.836551593568232477e+01
1.834589787934053007e+01
1.832236381539338765e+01
1.831308594843589432e+01
1.829359607900240903e+01
1.828696109821047244e+01
1.826737511084279575e+01
1.825439122796661806e+01
1.823975951273565954e+01
1.822171484211175851e+01
1.821363593836457895e+01
1.818987027040152427e+01
1.818314002403186436e+01
1.816784673972770392e+01
1.816536679088298811e+01
1.814839685707027783e+01
1.813861978690633592e+01
1.756627615306268808e+01
1.738111635994013326e+01
1.732965068860024616e+01
1.729218666951531702e+01
1.726045494872978381e+01
1.725415200956622286e+01
1.722775196935300812e+01
1.721838988153501759e+01
1.719920456871817649e+01
1.718997437689932895e+01
1.717867416233879752e+01
1.716504567228320610e+01
1.715921719064867901e+01
1.714435399416258221e+01
1.714083074008969376e+01
1.713362939040134236e+01
1.712662882855797619e+01
1.711401899883491140e+01
1.710805123357574331e+01
1.709991246920881025e+01
1.709545114001509347e+01
1.708993486154608732e+01
1.709050662601979198e+01
1.707729478817833169e+01
1.707573940219203834e+01
1.706620711004418922e+01
1.706252509090858993e+01
1.705568323140736808e+01
1.705765422640924456e+01
1.704998427364784774e+01
1.699174842759422432e+01
