1.067565002753419101e+01
9.273615854732682351e+00
9.251367067035875635e+00
9.255177234687641530e+00
9.257042791222779954e+00
9.256988947286375335e+00
9.257599103501647164e+00
9.261770326416320032e+00
9.257956642514441725e+00
9.255567623236101937e+00
9.251358127865309200e+00
9.246429996164899023e+00
9.239368317985263701e+00
9.223883372451977536e+00
8.956703223341049735e+00
8.786482676672902059e+00
8.756242701881809865e+00
8.670611262830188792e+00
8.640417031848413032e+00
8.613527614056300408e+00
8.573311490320717709e+00
8.537049862602527739e+00
8.474177650842355192e+00
8.416482045674221979e+00
8.360366342417037799e+00
8.272581001433675141e+00
8.137401405133699583e+00
8.053356048901424202e+00
7.985154914991614561e+00
7.931797907667851533e+00
7.876561968628407406e+00
7.825733757968647453e+00
7.624366406187054857e+00
7.538391239103857444e+00
7.495003710430682808e+00
7.469565765616904329e+00
7.443585421927114254e+00
7.415082522171150714e+00
7.390080545230067521e+00
7.365468282618190088e+00
7.344814739390084668e+00
7.319048955464261041e+00
7.299769667778720716e+00
7.276351815775821130e+00
7.254837566215655897e+00
7.233991313964170722e+00
7.216365494056582008e+00
7.137161544512210298e+00
7.118905337402864575e+00
7.106982364084778681e+00
7.099705309481234572e+00
7.090442017844187816e+00
7.085221910544513335e+00
7.072641841378354499e+00
7.065328564447155735e+00
7.064072485838302384e+00
7.056152983037370596e+00
7.049660889895508653e+00
7.047559957585667334e+00
7.045163313660818716e+00
7.034841976667705055e+00
7.027752088449079615e+00
