2.778271692745377139e-04
0.000000000000000000e+00
0.000000000000000000e+00
0.000000000000000000e+00
0.000000000000000000e+00
0.000000000000000000e+00
0.000000000000000000e+00
0.000000000000000000e+00
0.000000000000000000e+00
0.000000000000000000e+00
0.000000000000000000e+00
0.000000000000000000e+00
0.000000000000000000e+00
0.000000000000000000e+00
2.778271692745376813e-03
7.223506401137979802e-03
5.000889046941678524e-03
2.639358108108108211e-02
3.361708748221906018e-02
2.944967994310099604e-02
3.389491465149360033e-02
3.972928520625888804e-02
4.584148293029872284e-02
4.084059388335704172e-02
3.445056899004267370e-02
2.500444523470839175e-02
3.583970483641536059e-02
6.695634779516358714e-02
9.057165718349928507e-02
9.835081792318633997e-02
1.175208926031294510e-01
1.466927453769558964e-01
3.536739864864865135e-01
4.184077169274537655e-01
4.748066322901849379e-01
4.881423364153627542e-01
5.270381401137980149e-01
5.676009068278805580e-01
6.048297475106685361e-01
6.353907361308677171e-01
6.267780938833570348e-01
6.937344416785206080e-01
7.048475284495021587e-01
7.840282716927453599e-01
8.048653093883356702e-01
8.490398293029871590e-01
9.018269914651493302e-01
1.115198257467994392e+00
1.175208926031294343e+00
1.208826013513513598e+00
1.193267692034139404e+00
1.231885668563300174e+00
1.244665718349928785e+00
1.272448435277382606e+00
1.314122510668563226e+00
1.286617620910384119e+00
1.314678165007112431e+00
1.352462660028449504e+00
1.349962215504978635e+00
1.376633623755334268e+00
1.385524093172119553e+00
1.447757379089615881e+00
