1.389135846372688407e-03
0.000000000000000000e+00
0.000000000000000000e+00
0.000000000000000000e+00
0.000000000000000000e+00
2.778271692745377139e-04
0.000000000000000000e+00
5.556543385490754277e-04
2.778271692745377139e-04
0.000000000000000000e+00
2.778271692745377139e-04
0.000000000000000000e+00
0.000000000000000000e+00
0.000000000000000000e+00
7.223506401137979802e-03
1.944790184921763726e-02
2.000355618776671410e-02
1.305787695590327202e-01
1.486375355618776706e-01
1.266891891891891997e-01
1.403027204836415354e-01
1.614175853485063927e-01
1.469705725462304435e-01
1.383579302987197612e-01
1.230774359886201985e-01
1.469705725462304435e-01
2.353196123755334213e-01
3.592305298719772333e-01
4.856418918918918859e-01
5.684343883357041438e-01
6.948457503556187964e-01
7.970861486486486847e-01
1.589449235419630124e+00
1.922286184210526327e+00
2.098428609530583078e+00
2.219283428165006899e+00
2.377367087482219254e+00
2.493776671408250323e+00
2.641858552631578760e+00
2.715482752489331464e+00
2.833281472261735434e+00
3.021092638691322829e+00
3.113609086059744069e+00
3.293085437411095384e+00
3.408661539829302978e+00
3.580636557610241688e+00
3.713715771692745360e+00
4.406061077524893399e+00
4.566367354196301243e+00
4.659161628733997418e+00
4.689444790184921885e+00
4.773070768136557618e+00
4.868921141536272756e+00
4.910317389758179552e+00
4.966160650782361685e+00
4.973661984352773402e+00
5.080347617354195933e+00
5.153971817211949080e+00
5.160917496443811814e+00
5.207592460881934393e+00
5.281494487908961588e+00
5.338171230440967641e+00
