4.030936452405504156e+01
3.868555739241845259e+01
3.707517788283282556e+01
3.302219611089064699e+01
2.746008832700390201e+01
2.281311542666512082e+01
1.969977022324385985e+01
1.771615158472028639e+01
1.621064001625553530e+01
1.495581416716527023e+01
1.395152248639617554e+01
1.302404522814810051e+01
1.222731241526447121e+01
1.154574145871137603e+01
1.095556085269016400e+01
1.038753106288974770e+01
9.891145615993512052e+00
9.461041303885211917e+00
9.095610686633756714e+00
8.754943825515454137e+00
8.395431482373385990e+00
8.077179947903850632e+00
7.859356422791529795e+00
7.661826147498523198e+00
7.432060740947183497e+00
7.258987565272796871e+00
7.066264888303330771e+00
6.911939996825203991e+00
6.780610719056523905e+00
6.627930213748935984e+00
6.515424257496610139e+00
6.368752359398898832e+00
6.284978378669592303e+00
6.217057102398856117e+00
6.120983336951967502e+00
3.882937987420458814e+00
3.066160898516429256e+00
2.652832947122956142e+00
2.332666983522078130e+00
2.087126052950003530e+00
1.864105856465861244e+00
1.677907461505109055e+00
1.529570159030865240e+00
1.411553310620622836e+00
1.276945401156070137e+00
1.177198209467587686e+00
1.063594961292105179e+00
9.814811873493350936e-01
9.004739725441246456e-01
7.977294646233050734e-01
7.562662133480826387e-01
7.020627969880151031e-01
6.439076725128269896e-01
5.940964071835271865e-01
5.386105631240817315e-01
5.119053483613695832e-01
4.571609973700744289e-01
4.313994927678809765e-01
3.987901064334964385e-01
3.652253666853622627e-01
3.320564412657437403e-01
3.183308037950858815e-01
3.008761931416955027e-01
2.690314311938389880e-01
2.485651516872785238e-01
2.243375569039592898e-01
2.232290963596945954e-01
2.082556275481641239e-01
2.000443366019868385e-01
1.970220283582712339e-01
1.999404637563851339e-01
1.898489420253167415e-01
1.839087718449011477e-01
1.842072490014854125e-01
1.784758680637418549e-01
1.813277169874653594e-01
1.774677141414773840e-01
1.756174748165940103e-01
1.777109099575239215e-01
1.705589034598023190e-01
1.711138765441542753e-01
1.707594476647871229e-01
1.661714102658588821e-01
1.687646132048365999e-01
1.605970851543645772e-01
1.573076145588490071e-01
1.576370416298061294e-01
1.654867872030915676e-01
1.570088616776591228e-01
1.555637832773724971e-01
1.548738598780765030e-01
1.517066295058764336e-01
1.506531071165705116e-01
1.447104582257699723e-01
1.538251324840456125e-01
1.437928568691649034e-01
1.477376665291600666e-01
1.425495588566144389e-01
1.429535602812191386e-01
1.449669747493263494e-01
1.470663580388365532e-01
1.425320371759130900e-01
1.433714056192551267e-01
1.445354519720494502e-01
1.440685686676371202e-01
1.392420081784030983e-01
1.472902166246581324e-01
1.462215309958213583e-01
1.414350833634580584e-01
1.399883672278260383e-01
1.409124212738272486e-01
1.427630643715923908e-01
1.388035068155830110e-01
1.407486791233182877e-01
1.417408148967130299e-01
1.442012620368252063e-01
1.381475037457942923e-01
1.437124361671919537e-01
1.449416238366301179e-01
1.411679807722704127e-01
1.377884164592930172e-01
1.435183188885086336e-01
1.380902400506554273e-01
1.376900903850173941e-01
1.426469739510442258e-01
