0.000000000000000000e+00
0.000000000000000000e+00
0.000000000000000000e+00
1.570462910532276213e-02
5.711176387315968217e-01
2.651428015288788131e+00
5.752096899773499139e+00
8.795698258776896594e+00
1.205540416194790510e+01
1.546773251698754237e+01
1.895084229898074568e+01
2.240364878255945769e+01
2.583168176670441696e+01
2.921459159116647797e+01
3.204606986126839985e+01
3.482269252548131533e+01
3.735180138731596600e+01
3.955310376557191177e+01
4.167344988674971518e+01
4.340980676670441341e+01
4.521141527463193910e+01
4.698648074745187131e+01
4.834083911381653564e+01
4.946781214609286792e+01
5.091374398357871200e+01
5.202191569932049475e+01
5.323072975651189154e+01
5.411748832106455609e+01
5.499208132785957304e+01
5.594497628822197299e+01
5.674945144394111196e+01
5.779613179501698994e+01
5.840949709796149136e+01
5.893637634484711185e+01
5.951678404586636617e+01
7.457531143827858955e+01
7.957203779728199322e+01
8.166650445922989832e+01
8.304165486976216926e+01
8.418676564269536300e+01
8.501535072197054888e+01
8.572228022366931555e+01
8.642567065402037940e+01
8.685367709513023726e+01
8.746637882219705773e+01
8.781674688561722064e+01
8.830491753963760004e+01
8.865904586636466433e+01
8.911514368629671878e+01
8.949183359286523398e+01
8.970262953001132189e+01
9.003286912514155915e+01
9.042592723669309862e+01
9.059934173272932867e+01
9.092294556908267111e+01
9.117399844280861032e+01
9.145358507927520009e+01
9.167831610985277280e+01
9.184752795866364750e+01
9.201939411098527444e+01
9.234786417044168161e+01
9.251840317100793243e+01
9.260887068233294883e+01
9.291942419309172863e+01
9.303422281993205445e+01
9.361507290486976274e+01
9.377698541902604745e+01
9.397163434314835229e+01
9.408267270668176252e+01
9.407670052378256287e+01
9.416208062004530177e+01
9.425785673839185108e+01
9.435562358437145747e+01
9.435562358437145747e+01
9.436203815118912530e+01
9.440583415911665099e+01
9.445316923839185108e+01
9.452638377689693527e+01
9.455381157984145091e+01
9.457946984711212224e+01
9.459075063703284059e+01
9.456619832955831839e+01
9.459782877972820359e+01
9.461154268120044719e+01
9.466639828708946425e+01
9.467679430917327466e+01
9.468741152321631205e+01
9.468873867497168817e+01
9.474160355322763394e+01
9.479645915911665099e+01
9.478163929784824404e+01
9.480486445356739011e+01
9.481902073895810190e+01
9.487453992072479991e+01
9.481371213193658321e+01
9.487586707248017603e+01
9.483649490373726110e+01
9.489289885334088126e+01
9.489754388448470479e+01
9.489643792468855565e+01
9.487122204133635250e+01
9.494487896375990488e+01
9.490617037089467090e+01
9.491678758493770829e+01
9.491479685730463700e+01
9.490594917893544391e+01
9.494421538788222392e+01
9.488958097395243385e+01
9.495151472253679970e+01
9.492851075877689482e+01
9.489179289354473212e+01
9.495217829841449486e+01
9.489688030860702384e+01
9.492032665628539689e+01
9.495704452151755959e+01
9.491590281710078614e+01
9.496412266421290838e+01
9.494797565118912530e+01
9.495837167327293571e+01
9.497473987825594577e+01
9.497805775764439318e+01
9.500371602491506451e+01
9.495770809739524054e+01
9.499088689127972884e+01
9.494686969139297616e+01
