0.000000000000000000e+00
0.000000000000000000e+00
0.000000000000000000e+00
4.622911947904869562e-02
1.379131865798414402e+00
5.723120753114383064e+00
1.111600191109852709e+01
1.583999858437146102e+01
2.034346687429218647e+01
2.475757361268403045e+01
2.887329239807474579e+01
3.272711990373726110e+01
3.661655931483578996e+01
4.004238037938844741e+01
4.310345590317101028e+01
4.594665734711211513e+01
4.848173839184597966e+01
5.072307651472253553e+01
5.270738958097395255e+01
5.440437429218572873e+01
5.615466626557191177e+01
5.787885758776896949e+01
5.914363321064552537e+01
6.029139828708946425e+01
6.154334477633069156e+01
6.247456292468856276e+01
6.356371213193658321e+01
6.446772366930917997e+01
6.523127831257077958e+01
6.606649915062287448e+01
6.677475580407701727e+01
6.764404020385050842e+01
6.820807969988675268e+01
6.859826231596828450e+01
6.919658656568516619e+01
8.074147968573046796e+01
8.451855358154020337e+01
8.612706150906002733e+01
8.735312853907134922e+01
8.832792150339750492e+01
8.907709866930917997e+01
8.978314340317101028e+01
9.038788221970554559e+01
9.076412974235560682e+01
9.133303546149490160e+01
9.167676776613816969e+01
9.205942985560588454e+01
9.241289460645526788e+01
9.276038717440543735e+01
9.316782276330690138e+01
9.333991010758776952e+01
9.361750601642128800e+01
9.390682509909399300e+01
9.410744620611551170e+01
9.434788186579841351e+01
9.453589503114382353e+01
9.474978765571914607e+01
9.490484321913929477e+01
9.508046963476783731e+01
9.524282453284257599e+01
9.546954629105323420e+01
9.557151578425821015e+01
9.568166937995469823e+01
9.589312889297848130e+01
9.603933677802945112e+01
9.627092475934314564e+01
9.627711813420158649e+01
9.638926245753114586e+01
9.644500283125708506e+01
9.645451408550395911e+01
9.650251274065685436e+01
9.655958026613816969e+01
9.658833522083804723e+01
9.661355110419026460e+01
9.660780011325027772e+01
9.659607693941110540e+01
9.664075771517553903e+01
9.667327293318233217e+01
9.667681200453000656e+01
9.673210999433749180e+01
9.673299476217439974e+01
9.672105039637598622e+01
9.675599872593431883e+01
9.672613781143827794e+01
9.680598810872027116e+01
9.679271659116648152e+01
9.678298414496036628e+01
9.678032984144959983e+01
9.682943445639864422e+01
9.688406887032842008e+01
9.687411523216307785e+01
9.687168212061155259e+01
9.690309137882219659e+01
9.694135758776896239e+01
9.689291654869762738e+01
9.691746885617213536e+01
9.691569932049830527e+01
9.694799334654587142e+01
9.693980924405435928e+01
9.695485029728199322e+01
9.694268473952435272e+01
9.696369797565118631e+01
9.694799334654587142e+01
9.695529268120044719e+01
9.696812181483578286e+01
9.695529268120044719e+01
9.695949532842581675e+01
9.693914566817666412e+01
9.697143969422423027e+01
9.695883175254813580e+01
9.695153241789354581e+01
9.695971652038505795e+01
9.694777215458663022e+01
9.696369797565118631e+01
9.696856419875425104e+01
9.692941322197054888e+01
9.698493240373726110e+01
9.697033373442808113e+01
9.696989135050962716e+01
9.697763306908267111e+01
9.698847147508493549e+01
9.698825028312570851e+01
9.699378008210645419e+01
9.699665557757644763e+01
9.697741187712344413e+01
