4.184547386515045986e+01
3.950889918542259238e+01
3.897256579026495160e+01
3.844857141358666297e+01
3.793619507328435247e+01
3.737966316283626611e+01
3.671198996115109026e+01
3.588403004941152119e+01
3.479494069359715525e+01
3.351948647806895565e+01
3.211418856472823080e+01
3.062058464884082909e+01
2.916601545219378266e+01
2.770136216056711476e+01
2.638098566934449352e+01
2.514771400896636067e+01
2.402632807605263920e+01
2.304916885566063556e+01
2.214108085092304634e+01
2.128193069557371331e+01
2.051373940767005166e+01
1.983146742651173611e+01
1.918477329176387514e+01
1.861072659789503447e+01
1.807983326992929207e+01
1.759142290560332356e+01
1.711055017840686787e+01
1.667921067094208709e+01
1.624933409609853996e+01
1.586773453590418903e+01
1.549176110227677761e+01
1.516316749717479162e+01
1.483202715179253239e+01
1.457723573758135061e+01
1.420928058537864480e+01
1.398944766335147172e+01
1.366673566260937278e+01
1.341012253820693623e+01
1.314629587203702954e+01
1.288551253937648866e+01
1.262120929255760871e+01
1.239486099018516008e+01
1.216129431989157794e+01
1.188515168759182927e+01
1.163679168502444661e+01
1.142318489003424453e+01
1.118966056158426525e+01
1.093349436104365147e+01
1.070500911591682147e+01
1.050739948989850880e+01
1.021592866307881842e+01
1.000215391421507150e+01
9.742960679031579474e+00
9.520536588245448684e+00
9.263653665814771898e+00
9.036930921528645300e+00
8.776615021047883047e+00
8.549964947446690999e+00
8.272271532704579045e+00
8.061963124021398031e+00
