0.000000000000000000e+00
0.000000000000000000e+00
0.000000000000000000e+00
0.000000000000000000e+00
0.000000000000000000e+00
0.000000000000000000e+00
0.000000000000000000e+00
0.000000000000000000e+00
0.000000000000000000e+00
6.635758776896942676e-04
5.308607021517554141e-03
3.450594563986410235e-02
1.156833946772366922e-01
2.853376274065685392e-01
5.697904869762174807e-01
9.548856879954700227e-01
1.531311933748584320e+00
2.090264014722536867e+00
2.744328638165345335e+00
3.511643544733861866e+00
4.365886891279727955e+00
5.166601783691959326e+00
5.981472961494903373e+00
6.866683182332955937e+00
7.668946418459795744e+00
8.492222890713476247e+00
9.250468926953567816e+00
1.006357056908267289e+01
1.092909470554926443e+01
1.169220696489241185e+01
1.263249398357870845e+01
1.339914531426953559e+01
1.420162974235560505e+01
1.490081752548131355e+01
1.578558536240090682e+01
1.636886855889014569e+01
1.736025092015854909e+01
1.811230358154020337e+01
1.880109534258210502e+01
1.970024065685164061e+01
2.042818339467723732e+01
2.129459229898074568e+01
2.218046609569648808e+01
2.301435978199320331e+01
2.393407594847112208e+01
2.497389934881087115e+01
2.576333345130237973e+01
2.682040982446206101e+01
2.785470342582106440e+01
2.880494408267270501e+01
2.999252371177803056e+01
3.106596828992072545e+01
3.221329098244620326e+01
3.324647862400905751e+01
3.451390855039637273e+01
3.550993594280861032e+01
3.685721616647791876e+01
3.816645137315968128e+01
3.936199391279728133e+01
4.055244903737259676e+01
