0.000000000000000000e+00
0.000000000000000000e+00
0.000000000000000000e+00
0.000000000000000000e+00
0.000000000000000000e+00
0.000000000000000000e+00
0.000000000000000000e+00
0.000000000000000000e+00
0.000000000000000000e+00
1.990727633069082694e-03
1.570462910532276213e-02
8.803439977349943046e-02
2.744992214043034950e-01
6.651242214043034950e-01
1.282913363533408901e+00
2.148658691959230094e+00
3.276958875990939823e+00
4.421184881087202534e+00
5.679545937146093237e+00
7.087653949603623715e+00
8.549953992072479636e+00
9.858083238958096572e+00
1.124031179218573051e+01
1.262054961778029494e+01
1.381410142978482369e+01
1.510674723952434917e+01
1.630649242638731522e+01
1.750491046149490515e+01
1.871903312570781353e+01
1.985242072480181363e+01
2.112582283408833561e+01
2.220855747451868467e+01
2.323776366081540345e+01
2.417097253680634239e+01
2.532692171574178985e+01
2.606614524348810846e+01
2.737338972253680680e+01
2.827718006795016947e+01
2.929753857587768806e+01
3.034067985560588809e+01
3.131127017270668134e+01
3.234445781426953914e+01
3.331084548414496282e+01
3.429824639014722720e+01
3.541703531993204734e+01
3.659842157417893560e+01
3.749424900906002023e+01
3.868359817383918653e+01
3.986962945922989832e+01
4.082252441959229827e+01
4.220010794167610158e+01
4.329368098810871857e+01
4.458588441392978297e+01
4.561862967157417614e+01
4.696015890430351192e+01
4.804200877689694238e+01
4.942910355322763394e+01
5.072882750566251531e+01
5.212631830407701017e+01
5.322785426104190520e+01
