4.687500000000000000e+00
2.369791666666666785e+01
2.812500000000000000e+01
3.828125000000000000e+01
3.619791666666666430e+01
4.583333333333333570e+01
4.921875000000000000e+01
5.130208333333333570e+01
5.989583333333333570e+01
5.911458333333333570e+01
5.703125000000000000e+01
6.250000000000000000e+01
6.432291666666667140e+01
6.093750000000000000e+01
6.901041666666667140e+01
7.343750000000000000e+01
6.927083333333332860e+01
6.979166666666667140e+01
6.848958333333332860e+01
7.343750000000000000e+01
7.239583333333332860e+01
7.604166666666667140e+01
6.901041666666667140e+01
7.031250000000000000e+01
7.578125000000000000e+01
6.979166666666667140e+01
7.786458333333332860e+01
7.864583333333332860e+01
7.942708333333332860e+01
7.994791666666667140e+01
7.838541666666667140e+01
7.916666666666667140e+01
7.994791666666667140e+01
8.281250000000000000e+01
7.682291666666667140e+01
8.046875000000000000e+01
8.828125000000000000e+01
8.567708333333332860e+01
8.958333333333332860e+01
9.244791666666667140e+01
9.270833333333332860e+01
9.166666666666667140e+01
9.270833333333332860e+01
8.880208333333332860e+01
9.166666666666667140e+01
9.088541666666667140e+01
9.166666666666667140e+01
9.244791666666667140e+01
9.427083333333332860e+01
9.296875000000000000e+01
9.270833333333332860e+01
9.687500000000000000e+01
9.088541666666667140e+01
9.375000000000000000e+01
9.401041666666667140e+01
9.479166666666667140e+01
9.427083333333332860e+01
9.401041666666667140e+01
9.322916666666667140e+01
9.322916666666667140e+01
9.322916666666667140e+01
9.531250000000000000e+01
9.140625000000000000e+01
9.531250000000000000e+01
9.583333333333332860e+01
9.661458333333332860e+01
9.270833333333332860e+01
9.375000000000000000e+01
9.348958333333332860e+01
9.348958333333332860e+01
9.479166666666667140e+01
9.557291666666667140e+01
9.531250000000000000e+01
9.322916666666667140e+01
9.192708333333332860e+01
9.401041666666667140e+01
9.453125000000000000e+01
9.296875000000000000e+01
9.348958333333332860e+01
9.557291666666667140e+01
9.453125000000000000e+01
9.583333333333332860e+01
9.505208333333332860e+01
9.635416666666667140e+01
9.583333333333332860e+01
9.322916666666667140e+01
9.427083333333332860e+01
9.322916666666667140e+01
9.505208333333332860e+01
9.557291666666667140e+01
9.609375000000000000e+01
9.479166666666667140e+01
9.244791666666667140e+01
9.479166666666667140e+01
9.453125000000000000e+01
9.609375000000000000e+01
9.609375000000000000e+01
9.375000000000000000e+01
9.348958333333332860e+01
9.505208333333332860e+01
9.609375000000000000e+01
9.583333333333332860e+01
9.453125000000000000e+01
9.427083333333332860e+01
9.348958333333332860e+01
9.505208333333332860e+01
9.661458333333332860e+01
9.635416666666667140e+01
9.427083333333332860e+01
9.635416666666667140e+01
9.453125000000000000e+01
9.609375000000000000e+01
9.505208333333332860e+01
9.557291666666667140e+01
9.453125000000000000e+01
9.479166666666667140e+01
9.583333333333332860e+01
9.296875000000000000e+01
9.401041666666667140e+01
9.505208333333332860e+01
9.557291666666667140e+01
9.739583333333332860e+01
9.531250000000000000e+01
9.479166666666667140e+01
9.531250000000000000e+01
