3.376371971766153735e+01
1.983528421322504798e+01
1.569969123601913452e+01
1.267245638370513916e+01
1.301191854476928711e+01
9.512201865514120058e+00
9.110863556464513735e+00
6.916400695840517976e+00
6.411007940769195557e+00
5.829880212744076751e+00
6.964529852072398164e+00
4.933229692280292511e+00
5.407985883454482057e+00
6.590747048457463286e+00
4.512627542639772393e+00
3.539993903682765453e+00
3.893770685128401965e+00
3.567576868614802610e+00
4.596919520602871678e+00
3.363267512371142853e+00
3.121232864498304949e+00
2.950705107611914624e+00
4.424910675035789609e+00
3.978378591220065985e+00
2.824177957599507405e+00
4.038515767781063914e+00
2.063863158846894752e+00
1.974836480987998577e+00
2.200112719476843726e+00
1.874621318874887921e+00
2.934928390485993077e+00
1.926846721606731760e+00
1.384334884847703506e+00
1.612509747290228113e+00
2.360567208379507065e+00
1.841037096062185130e+00
9.355737257432177323e-01
1.272755442115679925e+00
9.361689771906281932e-01
4.100241589113661766e-01
4.453327243932980184e-01
2.117604048899583702e-01
3.180400668135965336e-01
5.865921785819695478e-01
3.506563464064894053e-01
5.525618798788218822e-01
2.295420143216090059e-01
5.538924235449881328e-01
2.314640913751088991e-01
4.403686235223548961e-01
3.017015260235271223e-01
1.426863951631837379e-01
4.677536044520758662e-01
6.677164384046989365e-02
3.331873190121040218e-01
2.002315764173974166e-01
2.190561314394892378e-01
2.197868604846483220e-01
1.935776595609322304e-01
3.367567630320926209e-01
2.705707849963509548e-01
1.437092300325618077e-01
4.032600989301939887e-01
1.142445674447390563e-01
2.239323470436114516e-01
1.492366458163947029e-01
2.782634204394706101e-01
3.183571171171038494e-01
3.455982914417314866e-01
3.105037791385400481e-01
2.013154734203167484e-01
2.263830644045269624e-01
1.356414388839926044e-01
5.261850180163274437e-01
3.949982198118308641e-01
2.629606807117035872e-01
1.146828159545362075e-01
3.136244230890288809e-01
1.784774714343762281e-01
1.023763514003457331e-01
2.666133418598163884e-01
1.411466612875436066e-01
9.487488493336521111e-02
7.362684637047685332e-02
8.062686849779344966e-02
2.786599023998544422e-01
2.123370440843910245e-01
2.272533444353243004e-01
4.332780793088814725e-02
1.443779210049086215e-01
1.082528284787604017e-01
1.241306179911268598e-01
2.117153278527076077e-01
1.206724433525641765e-01
1.756164097231313059e-01
3.883967903203416200e-02
8.409709932606830585e-02
1.656839849662759268e-01
4.162187805532742702e-01
1.043590168638915544e-01
2.051489505210659647e-01
1.049979217373515489e-01
2.509459132298341721e-01
2.115689102223530238e-01
1.899090105914049698e-01
2.025732750455269959e-01
2.518875208526656362e-01
2.878979254062020640e-02
2.167855641444563497e-01
7.415456643426372729e-02
1.653219088262030956e-01
1.224949640301354337e-01
2.454148160875202489e-01
2.295188178967763337e-01
1.703517968042149722e-01
1.436111525727099825e-01
1.135221597023408496e-01
4.819521625581026925e-01
2.132247691012321977e-01
2.033930625859843022e-01
7.156798164415661967e-02
9.801824757310964586e-03
8.651203870597688750e-02
2.705183032218722583e-01
1.141012211449231178e-01
