0.000000000000000000e+00
0.000000000000000000e+00
0.000000000000000000e+00
0.000000000000000000e+00
0.000000000000000000e+00
0.000000000000000000e+00
0.000000000000000000e+00
0.000000000000000000e+00
0.000000000000000000e+00
0.000000000000000000e+00
0.000000000000000000e+00
0.000000000000000000e+00
0.000000000000000000e+00
0.000000000000000000e+00
0.000000000000000000e+00
0.000000000000000000e+00
0.000000000000000000e+00
0.000000000000000000e+00
2.221827230714539490e-03
2.777284038393174580e-03
2.499555634553857035e-03
2.777284038393174580e-03
1.666370423035904835e-03
8.331852115179524173e-04
2.499555634553857035e-03
3.332740846071809669e-03
2.499555634553857035e-03
2.777284038393174580e-03
1.388642019196587290e-03
1.388642019196587290e-03
2.499555634553857035e-03
2.221827230714539490e-03
1.944098826875222162e-03
2.777284038393174580e-03
2.499555634553857035e-03
1.944098826875222162e-03
1.944098826875222162e-03
1.944098826875222162e-03
3.055012442232492124e-03
1.666370423035904835e-03
1.110913615357269745e-03
1.666370423035904835e-03
1.110913615357269745e-03
8.331852115179524173e-04
2.777284038393174580e-03
1.944098826875222162e-03
1.666370423035904835e-03
2.499555634553857035e-03
2.221827230714539490e-03
1.944098826875222162e-03
2.777284038393174580e-03
2.221827230714539490e-03
3.055012442232492124e-03
3.332740846071809669e-03
3.332740846071809669e-03
2.499555634553857035e-03
2.777284038393174580e-03
2.221827230714539490e-03
1.388642019196587290e-03
1.388642019196587290e-03
1.388642019196587290e-03
2.499555634553857035e-03
