9.406832837058351160e+00
9.304400512513595345e+00
9.361656581554555601e+00
9.453569459016748056e+00
9.464973564297119779e+00
9.436560153113621396e+00
9.448071026183344046e+00
9.436735531548949396e+00
9.437562256320447318e+00
9.455001234372570451e+00
9.461482111771166714e+00
9.462077981926476866e+00
9.459665520522587912e+00
9.457716335319684475e+00
9.465740678151901122e+00
9.440488579685984760e+00
9.419577783678843019e+00
9.260021072751129623e+00
9.259622345350409844e+00
9.257908881452216576e+00
9.259240366070880413e+00
9.260845403674654364e+00
9.261769818530742882e+00
9.256671371215864141e+00
9.258162505593624303e+00
9.260482119191722816e+00
9.260126609544588661e+00
9.258693102793552399e+00
9.260161919564993127e+00
9.260805543953102514e+00
9.257681465894778583e+00
9.260045857773613776e+00
9.243949824366076484e+00
9.243754685920961833e+00
9.244010217071977564e+00
9.243912077780681358e+00
9.243765537059903892e+00
9.243597283551499899e+00
9.243498369590524177e+00
9.243972578635217374e+00
9.243090876726082428e+00
9.242710202010636422e+00
9.242818610675810120e+00
9.242724856998078664e+00
9.242730849924097214e+00
9.242814240996370501e+00
9.243044581991304298e+00
9.242145271857268085e+00
9.242143166857683667e+00
9.242146942567197598e+00
9.242143299755065655e+00
9.242144403277958276e+00
9.242147323630096167e+00
9.242145125398931071e+00
9.242142952594560867e+00
9.242143275345341635e+00
9.242143304840423568e+00
9.242143217711273451e+00
9.242145033862469106e+00
9.242143585552238250e+00
9.242142890892205642e+00
9.242144744336032502e+00
