4.249244578741557393e-02
0.000000000000000000e+00
2.777284038393174363e-04
0.000000000000000000e+00
2.777284038393174363e-04
0.000000000000000000e+00
0.000000000000000000e+00
0.000000000000000000e+00
0.000000000000000000e+00
2.777284038393174363e-04
2.777284038393174363e-04
2.777284038393174363e-04
0.000000000000000000e+00
0.000000000000000000e+00
2.777284038393174363e-04
0.000000000000000000e+00
0.000000000000000000e+00
2.777284038393174363e-04
0.000000000000000000e+00
0.000000000000000000e+00
2.777284038393174363e-04
0.000000000000000000e+00
0.000000000000000000e+00
2.777284038393174363e-04
2.777284038393174363e-04
0.000000000000000000e+00
0.000000000000000000e+00
0.000000000000000000e+00
2.777284038393174363e-04
0.000000000000000000e+00
0.000000000000000000e+00
2.777284038393174363e-04
2.777284038393174363e-04
0.000000000000000000e+00
0.000000000000000000e+00
0.000000000000000000e+00
0.000000000000000000e+00
0.000000000000000000e+00
2.777284038393174363e-04
0.000000000000000000e+00
2.777284038393174363e-04
0.000000000000000000e+00
0.000000000000000000e+00
0.000000000000000000e+00
0.000000000000000000e+00
0.000000000000000000e+00
0.000000000000000000e+00
0.000000000000000000e+00
0.000000000000000000e+00
0.000000000000000000e+00
0.000000000000000000e+00
0.000000000000000000e+00
0.000000000000000000e+00
0.000000000000000000e+00
0.000000000000000000e+00
0.000000000000000000e+00
0.000000000000000000e+00
0.000000000000000000e+00
0.000000000000000000e+00
0.000000000000000000e+00
0.000000000000000000e+00
0.000000000000000000e+00
