1.388724765886075474e+01
1.171757703992000899e+01
1.089695631326240743e+01
1.043295966235505645e+01
1.022403266240895370e+01
1.006503225991703054e+01
9.926452707235727146e+00
9.877222465951799535e+00
9.758666584341710859e+00
9.667846373548890426e+00
9.588324074553629117e+00
9.517416344475499557e+00
9.468390534282621118e+00
9.381098764543638779e+00
9.315092220367420239e+00
9.258509219264881906e+00
9.242249000636107326e+00
9.242112067853518909e+00
9.242111640344342405e+00
9.242111614239499673e+00
9.242111648480916486e+00
9.242111630851672643e+00
9.242111612544380961e+00
9.242111634919959684e+00
9.242111637971174076e+00
9.242111627122408635e+00
9.242111609493164792e+00
9.242111645090677285e+00
9.242111709166200839e+00
9.242111641022390245e+00
9.242111633902887036e+00
9.242111652888228335e+00
9.242089261374692555e+00
9.242089230523514942e+00
9.242089184077235231e+00
9.242089228489371422e+00
9.242089184755283071e+00
9.242089221030845181e+00
9.242089196282098129e+00
9.242089176957733798e+00
9.242089160006537796e+00
9.242089239677159895e+00
9.242089184755283071e+00
9.242089185772355719e+00
9.242089181365043871e+00
9.242089185433332688e+00
9.242089188145524048e+00
9.242081730975149512e+00
9.242081700462994931e+00
9.242081692326420850e+00
9.242081703175186291e+00
9.242081702497138451e+00
9.242081694699587402e+00
9.242081691648373010e+00
9.242081698089826602e+00
9.242081705548354620e+00
9.242081698428851411e+00
9.242081691309348201e+00
9.242081690970325170e+00
9.242081702836163259e+00
9.242081698767874443e+00
9.242081691309348201e+00
